0.00128865 0.00000000 0.11766780
-0.00128865 0.00000000 0.11766780
0.00000000 0.00128865 0.11766780
0.00000000 -0.00128865 0.11766780
0.00000000 0.00000000 0.11895370
0.00000000 0.00000000 0.11637661
0.00091124 0.00091124 0.11766780
0.00091124 -0.00091124 0.11766780
-0.00091124 0.00091124 0.11766780
-0.00091124 -0.00091124 0.11766780
0.00091124 0.00000000 0.11857798
0.00091124 0.00000000 0.11675761
-0.00091124 0.00000000 0.11857798
-0.00091124 0.00000000 0.11675761
0.00000000 0.00091124 0.11857798
0.00000000 0.00091124 0.11675761
0.00000000 -0.00091124 0.11857798
0.00000000 -0.00091124 0.11675761
0.00074402 0.00074402 0.11841394
0.00074402 0.00074402 0.11692166
0.00074402 -0.00074402 0.11841394
0.00074402 -0.00074402 0.11692166
-0.00074402 0.00074402 0.11841394
-0.00074402 0.00074402 0.11692166
-0.00074402 -0.00074402 0.11841394
-0.00074402 -0.00074402 0.11692166
0.00574316 0.00000000 0.11766780
-0.00574316 0.00000000 0.11766780
0.00000000 0.00574316 0.11766780
0.00000000 -0.00574316 0.11766780
0.00000000 0.00000000 0.12340937
0.00000000 0.00000000 0.11192623
0.00406117 0.00406117 0.11766780
0.00406117 -0.00406117 0.11766780
-0.00406117 0.00406117 0.11766780
-0.00406117 -0.00406117 0.11766780
0.00406117 0.00000000 0.12172659
0.00406117 0.00000000 0.11360372
-0.00406117 0.00000000 0.12172659
-0.00406117 0.00000000 0.11360372
0.00000000 0.00406117 0.12172659
0.00000000 0.00406117 0.11360372
0.00000000 -0.00406117 0.12172659
0.00000000 -0.00406117 0.11360372
0.00331593 0.00331593 0.12098574
0.00331593 0.00331593 0.11434986
0.00331593 -0.00331593 0.12098574
0.00331593 -0.00331593 0.11434986
-0.00331593 0.00331593 0.12098574
-0.00331593 0.00331593 0.11434986
-0.00331593 -0.00331593 0.12098574
-0.00331593 -0.00331593 0.11434986
0.01448728 0.00000000 0.11766780
-0.01448728 0.00000000 0.11766780
0.00000000 0.01448728 0.11766780
0.00000000 -0.01448728 0.11766780
0.00000000 0.00000000 0.13215666
0.00000000 0.00000000 0.10317893
0.01024434 0.01024434 0.11766780
0.01024434 -0.01024434 0.11766780
-0.01024434 0.01024434 0.11766780
-0.01024434 -0.01024434 0.11766780
0.01024434 0.00000000 0.12791266
0.01024434 0.00000000 0.10742293
-0.01024434 0.00000000 0.12791266
-0.01024434 0.00000000 0.10742293
0.00000000 0.01024434 0.12791266
0.00000000 0.01024434 0.10742293
0.00000000 -0.01024434 0.12791266
0.00000000 -0.01024434 0.10742293
0.00836417 0.00836417 0.12603409
0.00836417 0.00836417 0.10930151
0.00836417 -0.00836417 0.12603409
0.00836417 -0.00836417 0.10930151
-0.00836417 0.00836417 0.12603409
-0.00836417 0.00836417 0.10930151
-0.00836417 -0.00836417 0.12603409
-0.00836417 -0.00836417 0.10930151
0.02907563 0.00000000 0.11766780
-0.02907563 0.00000000 0.11766780
0.00000000 0.02907563 0.11766780
0.00000000 -0.02907563 0.11766780
0.00000000 0.00000000 0.14674078
0.00000000 0.00000000 0.08858952
0.02055958 0.02055958 0.11766780
0.02055958 -0.02055958 0.11766780
-0.02055958 0.02055958 0.11766780
-0.02055958 -0.02055958 0.11766780
0.02055958 0.00000000 0.13822632
0.02055958 0.00000000 0.09710927
-0.02055958 0.00000000 0.13822632
-0.02055958 0.00000000 0.09710927
0.00000000 0.02055958 0.13822632
0.00000000 0.02055958 0.09710927
0.00000000 -0.02055958 0.13822632
0.00000000 -0.02055958 0.09710927
0.01678708 0.01678708 0.13445329
0.01678708 0.01678708 0.10088230
0.01678708 -0.01678708 0.13445329
0.01678708 -0.01678708 0.10088230
-0.01678708 0.01678708 0.13445329
-0.01678708 0.01678708 0.10088230
-0.01678708 -0.01678708 0.13445329
-0.01678708 -0.01678708 0.10088230
0.05169001 0.00000000 0.11766780
-0.05169001 0.00000000 0.11766780
0.00000000 0.05169001 0.11766780
0.00000000 -0.05169001 0.11766780
0.00000000 0.00000000 0.16935781
0.00000000 0.00000000 0.06597779
0.03655026 0.03655026 0.11766780
0.03655026 -0.03655026 0.11766780
-0.03655026 0.03655026 0.11766780
-0.03655026 -0.03655026 0.11766780
0.03655026 0.00000000 0.15421805
0.03655026 0.00000000 0.08111754
-0.03655026 0.00000000 0.15421805
-0.03655026 0.00000000 0.08111754
0.00000000 0.03655026 0.15421805
0.00000000 0.03655026 0.08111754
0.00000000 -0.03655026 0.15421805
0.00000000 -0.03655026 0.08111754
0.02984347 0.02984347 0.14750809
0.02984347 0.02984347 0.08782221
0.02984347 -0.02984347 0.14750809
0.02984347 -0.02984347 0.08782221
-0.02984347 0.02984347 0.14750809
-0.02984347 0.02984347 0.08782221
-0.02984347 -0.02984347 0.14750809
-0.02984347 -0.02984347 0.08782221
0.08544621 0.00000000 0.11766780
-0.08544621 0.00000000 0.11766780
0.00000000 0.08544621 0.11766780
0.00000000 -0.08544621 0.11766780
0.00000000 0.00000000 0.20311401
0.00000000 0.00000000 0.03222053
0.06042143 0.06042143 0.11766780
0.06042143 -0.06042143 0.11766780
-0.06042143 0.06042143 0.11766780
-0.06042143 -0.06042143 0.11766780
0.06042143 0.00000000 0.17808923
0.06042143 0.00000000 0.05724637
-0.06042143 0.00000000 0.17808923
-0.06042143 0.00000000 0.05724637
0.00000000 0.06042143 0.17808923
0.00000000 0.06042143 0.05724637
0.00000000 -0.06042143 0.17808923
0.00000000 -0.06042143 0.05724637
0.04933253 0.04933253 0.16699768
0.04933253 0.04933253 0.06833263
0.04933253 -0.04933253 0.16699768
0.04933253 -0.04933253 0.06833263
-0.04933253 0.04933253 0.16699768
-0.04933253 0.04933253 0.06833263
-0.04933253 -0.04933253 0.16699768
-0.04933253 -0.04933253 0.06833263
0.13488193 0.00000000 0.11766780
-0.13488193 0.00000000 0.11766780
0.00000000 0.13488193 0.11766780
0.00000000 -0.13488193 0.11766780
0.00000000 0.00000000 0.25254972
0.00000000 0.00000000 -0.01721624
0.09537886 0.09537886 0.11766780
0.09537886 -0.09537886 0.11766780
-0.09537886 0.09537886 0.11766780
-0.09537886 -0.09537886 0.11766780
0.09537886 0.00000000 0.21304666
0.09537886 0.00000000 0.02229052
-0.09537886 0.00000000 0.21304666
-0.09537886 0.00000000 0.02229052
0.00000000 0.09537886 0.21304666
0.00000000 0.09537886 0.02229052
0.00000000 -0.09537886 0.21304666
0.00000000 -0.09537886 0.02229052
0.07787369 0.07787369 0.19554149
0.07787369 0.07787369 0.03979252
0.07787369 -0.07787369 0.19554149
0.07787369 -0.07787369 0.03979252
-0.07787369 0.07787369 0.19554149
-0.07787369 0.07787369 0.03979252
-0.07787369 -0.07787369 0.19554149
-0.07787369 -0.07787369 0.03979252
0.20676004 0.00000000 0.11766780
-0.20676004 0.00000000 0.11766780
0.00000000 0.20676004 0.11766780
0.00000000 -0.20676004 0.11766780
0.00000000 0.00000000 0.32442784
0.00000000 0.00000000 -0.08909224
0.14620102 0.14620102 0.11766780
0.14620102 -0.14620102 0.11766780
-0.14620102 0.14620102 0.11766780
-0.14620102 -0.14620102 0.11766780
0.14620102 0.00000000 0.26386882
0.14620102 0.00000000 -0.02853428
-0.14620102 0.00000000 0.26386882
-0.14620102 0.00000000 -0.02853428
0.00000000 0.14620102 0.26386882
0.00000000 0.14620102 -0.02853428
0.00000000 -0.14620102 0.26386882
0.00000000 -0.14620102 -0.02853428
0.11937175 0.11937175 0.23703955
0.11937175 0.11937175 -0.00170564
0.11937175 -0.11937175 0.23703955
0.11937175 -0.11937175 -0.00170564
-0.11937175 0.11937175 0.23703955
-0.11937175 0.11937175 -0.00170564
-0.11937175 -0.11937175 0.23703955
-0.11937175 -0.11937175 -0.00170564
0.31142066 0.00000000 0.11766780
-0.31142066 0.00000000 0.11766780
0.00000000 0.31142066 0.11766780
0.00000000 -0.31142066 0.11766780
0.00000000 0.00000000 0.42908846
0.00000000 0.00000000 -0.19375287
0.22020643 0.22020643 0.11766780
0.22020643 -0.22020643 0.11766780
-0.22020643 0.22020643 0.11766780
-0.22020643 -0.22020643 0.11766780
0.22020643 0.00000000 0.33787422
0.22020643 0.00000000 -0.10253863
-0.22020643 0.00000000 0.33787422
-0.22020643 0.00000000 -0.10253863
0.00000000 0.22020643 0.33787422
0.00000000 0.22020643 -0.10253863
0.00000000 -0.22020643 0.33787422
0.00000000 -0.22020643 -0.10253863
0.17979847 0.17979847 0.29746627
0.17979847 0.17979847 -0.06213067
0.17979847 -0.17979847 0.29746627
0.17979847 -0.17979847 -0.06213067
-0.17979847 0.17979847 0.29746627
-0.17979847 0.17979847 -0.06213067
-0.17979847 -0.17979847 0.29746627
-0.17979847 -0.17979847 -0.06213067
0.46521008 0.00000000 0.11766780
-0.46521008 0.00000000 0.11766780
0.00000000 0.46521008 0.11766780
0.00000000 -0.46521008 0.11766780
0.00000000 0.00000000 0.58288847
0.00000000 0.00000000 -0.34754229
0.32895230 0.32895230 0.11766780
0.32895230 -0.32895230 0.11766780
-0.32895230 0.32895230 0.11766780
-0.32895230 -0.32895230 0.11766780
0.32895230 0.00000000 0.44662010
0.32895230 0.00000000 -0.21128450
-0.32895230 0.00000000 0.44662010
-0.32895230 0.00000000 -0.21128450
0.00000000 0.32895230 0.44662010
0.00000000 0.32895230 -0.21128450
0.00000000 -0.32895230 0.44662010
0.00000000 -0.32895230 -0.21128450
0.26858908 0.26858908 0.38625688
0.26858908 0.26858908 -0.15092128
0.26858908 -0.26858908 0.38625688
0.26858908 -0.26858908 -0.15092128
-0.26858908 0.26858908 0.38625688
-0.26858908 0.26858908 -0.15092128
-0.26858908 -0.26858908 0.38625688
-0.26858908 -0.26858908 -0.15092128
0.69496815 0.00000000 0.11766780
-0.69496815 0.00000000 0.11766780
0.00000000 0.69496815 0.11766780
0.00000000 -0.69496815 0.11766780
0.00000000 0.00000000 0.81260420
0.00000000 0.00000000 -0.57727919
0.49139905 0.49139905 0.11766780
0.49139905 -0.49139905 0.11766780
-0.49139905 0.49139905 0.11766780
-0.49139905 -0.49139905 0.11766780
0.49139905 0.00000000 0.60908273
0.49139905 0.00000000 -0.37373126
-0.49139905 0.00000000 0.60908273
-0.49139905 0.00000000 -0.37373126
0.00000000 0.49139905 0.60908273
0.00000000 0.49139905 -0.37373126
0.00000000 -0.49139905 0.60908273
0.00000000 -0.49139905 -0.37373126
0.40122729 0.40122729 0.51889509
0.40122729 0.40122729 -0.28355950
0.40122729 -0.40122729 0.51889509
0.40122729 -0.40122729 -0.28355950
-0.40122729 0.40122729 0.51889509
-0.40122729 0.40122729 -0.28355950
-0.40122729 -0.40122729 0.51889509
-0.40122729 -0.40122729 -0.28355950
1.04671211 0.00000000 0.11766780
-1.04671211 0.00000000 0.11766780
0.00000000 1.04671211 0.11766780
0.00000000 -1.04671211 0.11766780
0.00000000 0.00000000 1.16440107
0.00000000 0.00000000 -0.92907606
0.74015987 0.74015987 0.11766780
0.74015987 -0.74015987 0.11766780
-0.74015987 0.74015987 0.11766780
-0.74015987 -0.74015987 0.11766780
0.74015987 0.00000000 0.85779592
0.74015987 0.00000000 -0.62247091
-0.74015987 0.00000000 0.85779592
-0.74015987 0.00000000 -0.62247091
0.00000000 0.74015987 0.85779592
0.00000000 0.74015987 -0.62247091
0.00000000 -0.74015987 0.85779592
0.00000000 -0.74015987 -0.62247091
0.60432013 0.60432013 0.72200910
0.60432013 0.60432013 -0.48665763
0.60432013 -0.60432013 0.72200910
0.60432013 -0.60432013 -0.48665763
-0.60432013 0.60432013 0.72200910
-0.60432013 0.60432013 -0.48665763
-0.60432013 -0.60432013 0.72200910
-0.60432013 -0.60432013 -0.48665763
1.60451758 0.00000000 0.11766780
-1.60451758 0.00000000 0.11766780
0.00000000 1.60451758 0.11766780
0.00000000 -1.60451758 0.11766780
0.00000000 0.00000000 1.72215363
0.00000000 0.00000000 -1.48682862
1.13455549 1.13455549 0.11766780
1.13455549 -1.13455549 0.11766780
-1.13455549 1.13455549 0.11766780
-1.13455549 -1.13455549 0.11766780
1.13455549 0.00000000 1.25224445
1.13455549 0.00000000 -1.01686652
-1.13455549 0.00000000 1.25224445
-1.13455549 0.00000000 -1.01686652
0.00000000 1.13455549 1.25224445
0.00000000 1.13455549 -1.01686652
0.00000000 -1.13455549 1.25224445
0.00000000 -1.13455549 -1.01686652
0.92637726 0.92637726 1.04401330
0.92637726 0.92637726 -0.80868829
0.92637726 -0.92637726 1.04401330
0.92637726 -0.92637726 -0.80868829
-0.92637726 0.92637726 1.04401330
-0.92637726 0.92637726 -0.80868829
-0.92637726 -0.92637726 1.04401330
-0.92637726 -0.92637726 -0.80868829
2.53279988 0.00000000 0.11766780
-2.53279988 0.00000000 0.11766780
0.00000000 2.53279988 0.11766780
0.00000000 -2.53279988 0.11766780
0.00000000 0.00000000 2.65048884
0.00000000 0.00000000 -2.41516383
1.79094664 1.79094664 0.11766780
1.79094664 -1.79094664 0.11766780
-1.79094664 1.79094664 0.11766780
-1.79094664 -1.79094664 0.11766780
1.79094664 0.00000000 1.90863560
1.79094664 0.00000000 -1.67331059
-1.79094664 0.00000000 1.90863560
-1.79094664 0.00000000 -1.67331059
0.00000000 1.79094664 1.90863560
0.00000000 1.79094664 -1.67331059
0.00000000 -1.79094664 1.90863560
0.00000000 -1.79094664 -1.67331059
1.46232772 1.46232772 1.57996377
1.46232772 1.46232772 -1.34463876
1.46232772 -1.46232772 1.57996377
1.46232772 -1.46232772 -1.34463876
-1.46232772 1.46232772 1.57996377
-1.46232772 1.46232772 -1.34463876
-1.46232772 -1.46232772 1.57996377
-1.46232772 -1.46232772 -1.34463876
4.18690134 0.00000000 0.11766780
-4.18690134 0.00000000 0.11766780
0.00000000 4.18690134 0.11766780
0.00000000 -4.18690134 0.11766780
0.00000000 0.00000000 4.30453739
0.00000000 0.00000000 -4.06921238
2.96058656 2.96058656 0.11766780
2.96058656 -2.96058656 0.11766780
-2.96058656 2.96058656 0.11766780
-2.96058656 -2.96058656 0.11766780
2.96058656 0.00000000 3.07827553
2.96058656 0.00000000 -2.84289760
-2.96058656 0.00000000 3.07827553
-2.96058656 0.00000000 -2.84289760
0.00000000 2.96058656 3.07827553
0.00000000 2.96058656 -2.84289760
0.00000000 -2.96058656 3.07827553
0.00000000 -2.96058656 -2.84289760
2.41728054 2.41728054 2.53496950
2.41728054 2.41728054 -2.29964449
2.41728054 -2.41728054 2.53496950
2.41728054 -2.41728054 -2.29964449
-2.41728054 2.41728054 2.53496950
-2.41728054 2.41728054 -2.29964449
-2.41728054 -2.41728054 2.53496950
-2.41728054 -2.41728054 -2.29964449
-0.75608810 0.00000000 -0.47067119
-0.75899857 0.00000000 -0.47067119
-0.75751688 0.00146587 -0.47067119
-0.75751688 -0.00146587 -0.47067119
-0.75751688 0.00000000 -0.46920537
-0.75751688 0.00000000 -0.47213701
-0.75651144 0.00103650 -0.47067119
-0.75651144 -0.00103650 -0.47067119
-0.75857523 0.00103650 -0.47067119
-0.75857523 -0.00103650 -0.47067119
-0.75651144 0.00000000 -0.46963400
-0.75651144 0.00000000 -0.47170838
-0.75857523 0.00000000 -0.46963400
-0.75857523 0.00000000 -0.47170838
-0.75751688 0.00103650 -0.46963400
-0.75751688 0.00103650 -0.47170838
-0.75751688 -0.00103650 -0.46963400
-0.75751688 -0.00103650 -0.47170838
-0.75667019 0.00084631 -0.46982451
-0.75667019 0.00084631 -0.47151787
-0.75667019 -0.00084631 -0.46982451
-0.75667019 -0.00084631 -0.47151787
-0.75836356 0.00084631 -0.46982451
-0.75836356 0.00084631 -0.47151787
-0.75836356 -0.00084631 -0.46982451
-0.75836356 -0.00084631 -0.47151787
-0.75100800 0.00000000 -0.47067119
-0.76407867 0.00000000 -0.47067119
-0.75751688 0.00653322 -0.47067119
-0.75751688 -0.00653322 -0.47067119
-0.75751688 0.00000000 -0.46413585
-0.75751688 0.00000000 -0.47720124
-0.75291304 0.00461956 -0.47067119
-0.75291304 -0.00461956 -0.47067119
-0.76217363 0.00461956 -0.47067119
-0.76217363 -0.00461956 -0.47067119
-0.75291304 0.00000000 -0.46605148
-0.75291304 0.00000000 -0.47529091
-0.76217363 0.00000000 -0.46605148
-0.76217363 0.00000000 -0.47529091
-0.75751688 0.00461956 -0.46605148
-0.75751688 0.00461956 -0.47529091
-0.75751688 -0.00461956 -0.46605148
-0.75751688 -0.00461956 -0.47529091
-0.75375972 0.00377187 -0.46689816
-0.75375972 0.00377187 -0.47444422
-0.75375972 -0.00377187 -0.46689816
-0.75375972 -0.00377187 -0.47444422
-0.76132695 0.00377187 -0.46689816
-0.76132695 0.00377187 -0.47444422
-0.76132695 -0.00377187 -0.46689816
-0.76132695 -0.00377187 -0.47444422
-0.74105947 0.00000000 -0.47067119
-0.77402720 0.00000000 -0.47067119
-0.75751688 0.01647963 -0.47067119
-0.75751688 -0.01647963 -0.47067119
-0.75751688 0.00000000 -0.45419262
-0.75751688 0.00000000 -0.48714976
-0.74587498 0.01165301 -0.47067119
-0.74587498 -0.01165301 -0.47067119
-0.76915877 0.01165301 -0.47067119
-0.76915877 -0.01165301 -0.47067119
-0.74587498 0.00000000 -0.45901871
-0.74587498 0.00000000 -0.48232367
-0.76915877 0.00000000 -0.45901871
-0.76915877 0.00000000 -0.48232367
-0.75751688 0.01165301 -0.45901871
-0.75751688 0.01165301 -0.48232367
-0.75751688 -0.01165301 -0.45901871
-0.75751688 -0.01165301 -0.48232367
-0.74799169 0.00951460 -0.46115659
-0.74799169 0.00951460 -0.48018579
-0.74799169 -0.00951460 -0.46115659
-0.74799169 -0.00951460 -0.48018579
-0.76704206 0.00951460 -0.46115659
-0.76704206 0.00951460 -0.48018579
-0.76704206 -0.00951460 -0.46115659
-0.76704206 -0.00951460 -0.48018579
-0.72444331 0.00000000 -0.47067119
-0.79059044 0.00000000 -0.47067119
-0.75751688 0.03307356 -0.47067119
-0.75751688 -0.03307356 -0.47067119
-0.75751688 0.00000000 -0.43759763
-0.75751688 0.00000000 -0.50374475
-0.73412725 0.02338645 -0.47067119
-0.73412725 -0.02338645 -0.47067119
-0.78090650 0.02338645 -0.47067119
-0.78090650 -0.02338645 -0.47067119
-0.73412725 0.00000000 -0.44728157
-0.73412725 0.00000000 -0.49405552
-0.78090650 0.00000000 -0.44728157
-0.78090650 0.00000000 -0.49405552
-0.75751688 0.02338645 -0.44728157
-0.75751688 0.02338645 -0.49405552
-0.75751688 -0.02338645 -0.44728157
-0.75751688 -0.02338645 -0.49405552
-0.73841359 0.01909482 -0.45157319
-0.73841359 0.01909482 -0.48976390
-0.73841359 -0.01909482 -0.45157319
-0.73841359 -0.01909482 -0.48976390
-0.77662017 0.01909482 -0.45157319
-0.77662017 0.01909482 -0.48976390
-0.77662017 -0.01909482 -0.45157319
-0.77662017 -0.01909482 -0.48976390
-0.69872531 0.00000000 -0.47067119
-0.81630844 0.00000000 -0.47067119
-0.75751688 0.05879686 -0.47067119
-0.75751688 -0.05879686 -0.47067119
-0.75751688 0.00000000 -0.41187433
-0.75751688 0.00000000 -0.52944159
-0.71597648 0.04157585 -0.47067119
-0.71597648 -0.04157585 -0.47067119
-0.79911019 0.04157585 -0.47067119
-0.79911019 -0.04157585 -0.47067119
-0.71597648 0.00000000 -0.42909375
-0.71597648 0.00000000 -0.51224334
-0.79911019 0.00000000 -0.42909375
-0.79911019 0.00000000 -0.51224334
-0.75751688 0.04157585 -0.42909375
-0.75751688 0.04157585 -0.51224334
-0.75751688 -0.04157585 -0.42909375
-0.75751688 -0.04157585 -0.51224334
-0.72359663 0.03394670 -0.43672449
-0.72359663 0.03394670 -0.50461790
-0.72359663 -0.03394670 -0.43672449
-0.72359663 -0.03394670 -0.50461790
-0.79149004 0.03394670 -0.43672449
-0.79149004 0.03394670 -0.50461790
-0.79149004 -0.03394670 -0.43672449
-0.79149004 -0.03394670 -0.50461790
-0.66035998 0.00000000 -0.47067119
-0.85472669 0.00000000 -0.47067119
-0.75751688 0.09719394 -0.47067119
-0.75751688 -0.09719394 -0.47067119
-0.75751688 0.00000000 -0.37347196
-0.75751688 0.00000000 -0.56785984
-0.68882970 0.06872951 -0.47067119
-0.68882970 -0.06872951 -0.47067119
-0.82625697 0.06872951 -0.47067119
-0.82625697 -0.06872951 -0.47067119
-0.68882970 0.00000000 -0.40194168
-0.68882970 0.00000000 -0.53939012
-0.82625697 0.00000000 -0.40194168
-0.82625697 0.00000000 -0.53939012
-0.75751688 0.06872951 -0.40194168
-0.75751688 0.06872951 -0.53939012
-0.75751688 -0.06872951 -0.40194168
-0.75751688 -0.06872951 -0.53939012
-0.70142411 0.05611393 -0.41455197
-0.70142411 0.05611393 -0.52678512
-0.70142411 -0.05611393 -0.41455197
-0.70142411 -0.05611393 -0.52678512
-0.81366256 0.05611393 -0.41455197
-0.81366256 0.05611393 -0.52678512
-0.81366256 -0.05611393 -0.41455197
-0.81366256 -0.05611393 -0.52678512
-0.60410846 0.00000000 -0.47067119
-0.91097821 0.00000000 -0.47067119
-0.75751688 0.15342958 -0.47067119
-0.75751688 -0.15342958 -0.47067119
-0.75751688 0.00000000 -0.31724161
-0.75751688 0.00000000 -0.62411135
-0.64903559 0.10849187 -0.47067119
-0.64903559 -0.10849187 -0.47067119
-0.86599816 0.10849187 -0.47067119
-0.86599816 -0.10849187 -0.47067119
-0.64903559 0.00000000 -0.36217932
-0.64903559 0.00000000 -0.57918423
-0.86599816 0.00000000 -0.36217932
-0.86599816 0.00000000 -0.57918423
-0.75751688 0.10849187 -0.36217932
-0.75751688 0.10849187 -0.57918423
-0.75751688 -0.10849187 -0.36217932
-0.75751688 -0.10849187 -0.57918423
-0.66893265 0.08858423 -0.38208696
-0.66893265 0.08858423 -0.55923425
-0.66893265 -0.08858423 -0.38208696
-0.66893265 -0.08858423 -0.55923425
-0.84610111 0.08858423 -0.38208696
-0.84610111 0.08858423 -0.55923425
-0.84610111 -0.08858423 -0.38208696
-0.84610111 -0.08858423 -0.55923425
-0.52234003 0.00000000 -0.47067119
-0.99273605 0.00000000 -0.47067119
-0.75751688 0.23518743 -0.47067119
-0.75751688 -0.23518743 -0.47067119
-0.75751688 0.00000000 -0.23547847
-0.75751688 0.00000000 -0.70586920
-0.59124946 0.16630446 -0.47067119
-0.59124946 -0.16630446 -0.47067119
-0.92383721 0.16630446 -0.47067119
-0.92383721 -0.16630446 -0.47067119
-0.59124946 0.00000000 -0.30436674
-0.59124946 0.00000000 -0.63697035
-0.92383721 0.00000000 -0.30436674
-0.92383721 0.00000000 -0.63697035
-0.75751688 0.16630446 -0.30436674
-0.75751688 0.16630446 -0.63697035
-0.75751688 -0.16630446 -0.30436674
-0.75751688 -0.16630446 -0.63697035
-0.62173006 0.13578682 -0.33488437
-0.62173006 0.13578682 -0.60643684
-0.62173006 -0.13578682 -0.33488437
-0.62173006 -0.13578682 -0.60643684
-0.89330369 0.13578682 -0.33488437
-0.89330369 0.13578682 -0.60643684
-0.89330369 -0.13578682 -0.33488437
-0.89330369 -0.13578682 -0.60643684
-0.40329108 0.00000000 -0.47067119
-1.11180088 0.00000000 -0.47067119
-0.75751688 0.35424167 -0.47067119
-0.75751688 -0.35424167 -0.47067119
-0.75751688 0.00000000 -0.11642952
-0.75751688 0.00000000 -0.82493403
-0.50704682 0.25048593 -0.47067119
-0.50704682 -0.25048593 -0.47067119
-1.00802927 0.25048593 -0.47067119
-1.00802927 -0.25048593 -0.47067119
-0.50704682 0.00000000 -0.22017997
-0.50704682 0.00000000 -0.72116242
-1.00802927 0.00000000 -0.22017997
-1.00802927 0.00000000 -0.72116242
-0.75751688 0.25048593 -0.22017997
-0.75751688 0.25048593 -0.72116242
-0.75751688 -0.25048593 -0.22017997
-0.75751688 -0.25048593 -0.72116242
-0.55298996 0.20452162 -0.26614957
-0.55298996 0.20452162 -0.67517693
-0.55298996 -0.20452162 -0.26614957
-0.55298996 -0.20452162 -0.67517693
-0.96204379 0.20452162 -0.26614957
-0.96204379 0.20452162 -0.67517693
-0.96204379 -0.20452162 -0.26614957
-0.96204379 -0.20452162 -0.67517693
-0.22835575 0.00000000 -0.47067119
-1.28669388 0.00000000 -0.47067119
-0.75751688 0.52917700 -0.47067119
-0.75751688 -0.52917700 -0.47067119
-0.75751688 0.00000000 0.05850581
-0.75751688 0.00000000 -0.99982702
-0.38334640 0.37418635 -0.47067119
-0.38334640 -0.37418635 -0.47067119
-1.13169793 0.37418635 -0.47067119
-1.13169793 -0.37418635 -0.47067119
-0.38334640 0.00000000 -0.09648484
-0.38334640 0.00000000 -0.84483108
-1.13169793 0.00000000 -0.09648484
-1.13169793 0.00000000 -0.84483108
-0.75751688 0.37418635 -0.09648484
-0.75751688 0.37418635 -0.84483108
-0.75751688 -0.37418635 -0.09648484
-0.75751688 -0.37418635 -0.84483108
-0.45201241 0.30552034 -0.16515085
-0.45201241 0.30552034 -0.77619682
-0.45201241 -0.30552034 -0.16515085
-0.45201241 -0.30552034 -0.77619682
-1.06306368 0.30552034 -0.16515085
-1.06306368 0.30552034 -0.77619682
-1.06306368 -0.30552034 -0.16515085
-1.06306368 -0.30552034 -0.77619682
0.03296667 0.00000000 -0.47067119
-1.54805440 0.00000000 -0.47067119
-0.75751688 0.79048460 -0.47067119
-0.75751688 -0.79048460 -0.47067119
-0.75751688 0.00000000 0.31982929
-0.75751688 0.00000000 -1.26118754
-0.19856309 0.55896967 -0.47067119
-0.19856309 -0.55896967 -0.47067119
-1.31648654 0.55896967 -0.47067119
-1.31648654 -0.55896967 -0.47067119
-0.19856309 0.00000000 0.08829847
-0.19856309 0.00000000 -1.02961969
-1.31648654 0.00000000 0.08829847
-1.31648654 0.00000000 -1.02961969
-0.75751688 0.55896967 0.08829847
-0.75751688 0.55896967 -1.02961969
-0.75751688 -0.55896967 0.08829847
-0.75751688 -0.55896967 -1.02961969
-0.30113876 0.45639400 -0.01427508
-0.30113876 0.45639400 -0.92706519
-0.30113876 -0.45639400 -0.01427508
-0.30113876 -0.45639400 -0.92706519
-1.21393204 0.45639400 -0.01427508
-1.21393204 0.45639400 -0.92706519
-1.21393204 -0.45639400 -0.01427508
-1.21393204 -0.45639400 -0.92706519
0.43311550 0.00000000 -0.47067119
-1.94816513 0.00000000 -0.47067119
-0.75751688 1.19064825 -0.47067119
-0.75751688 -1.19064825 -0.47067119
-0.75751688 0.00000000 0.71999823
-0.75751688 0.00000000 -1.66129827
0.08438256 0.84192061 -0.47067119
0.08438256 -0.84192061 -0.47067119
-1.59943748 0.84192061 -0.47067119
-1.59943748 -0.84192061 -0.47067119
0.08438256 0.00000000 0.37124412
0.08438256 0.00000000 -1.31257063
-1.59943748 0.00000000 0.37124412
-1.59943748 0.00000000 -1.31257063
-0.75751688 0.84192061 0.37124412
-0.75751688 0.84192061 -1.31257063
-0.75751688 -0.84192061 0.37124412
-0.75751688 -0.84192061 -1.31257063
-0.07011066 0.68740092 0.21675090
-0.07011066 0.68740092 -1.15810386
-0.07011066 -0.68740092 0.21675090
-0.07011066 -0.68740092 -1.15810386
-1.44497072 0.68740092 0.21675090
-1.44497072 0.68740092 -1.15810386
-1.44497072 -0.68740092 0.21675090
-1.44497072 -0.68740092 -1.15810386
1.06761460 0.00000000 -0.47067119
-2.58264835 0.00000000 -0.47067119
-0.75751688 1.82513147 -0.47067119
-0.75751688 -1.82513147 -0.47067119
-0.75751688 0.00000000 1.35442853
-0.75751688 0.00000000 -2.29578150
0.53303999 1.29055687 -0.47067119
0.53303999 -1.29055687 -0.47067119
-2.04807374 1.29055687 -0.47067119
-2.04807374 -1.29055687 -0.47067119
0.53303999 0.00000000 0.81990684
0.53303999 0.00000000 -1.76120689
-2.04807374 0.00000000 0.81990684
-2.04807374 0.00000000 -1.76120689
-0.75751688 1.29055687 0.81990684
-0.75751688 1.29055687 -1.76120689
-0.75751688 -1.29055687 0.81990684
-0.75751688 -1.29055687 -1.76120689
0.29620153 1.05375016 0.58304722
0.29620153 1.05375016 -1.52440018
0.29620153 -1.05375016 0.58304722
0.29620153 -1.05375016 -1.52440018
-1.81126704 1.05375016 0.58304722
-1.81126704 1.05375016 -1.52440018
-1.81126704 -1.05375016 0.58304722
-1.81126704 -1.05375016 -1.52440018
2.12353438 0.00000000 -0.47067119
-3.63862105 0.00000000 -0.47067119
-0.75751688 2.88105126 -0.47067119
-0.75751688 -2.88105126 -0.47067119
-0.75751688 0.00000000 2.41040123
-0.75751688 0.00000000 -3.35175420
1.27970874 2.03722561 -0.47067119
1.27970874 -2.03722561 -0.47067119
-2.79474249 2.03722561 -0.47067119
-2.79474249 -2.03722561 -0.47067119
1.27970874 0.00000000 1.56657559
1.27970874 0.00000000 -2.50787564
-2.79474249 0.00000000 1.56657559
-2.79474249 0.00000000 -2.50787564
-0.75751688 2.03722561 1.56657559
-0.75751688 2.03722561 -2.50787564
-0.75751688 -2.03722561 1.56657559
-0.75751688 -2.03722561 -2.50787564
0.90584519 1.66341498 1.19271204
0.90584519 1.66341498 -2.13406501
0.90584519 -1.66341498 1.19271204
0.90584519 -1.66341498 -2.13406501
-2.42093186 1.66341498 1.19271204
-2.42093186 1.66341498 -2.13406501
-2.42093186 -1.66341498 1.19271204
-2.42093186 -1.66341498 -2.13406501
4.00507612 0.00000000 -0.47067119
-5.52037446 0.00000000 -0.47067119
-0.75751688 4.76259300 -0.47067119
-0.75751688 -4.76259300 -0.47067119
-0.75751688 0.00000000 4.29194298
-0.75751688 0.00000000 -5.23324302
2.61011263 3.36768243 -0.47067119
2.61011263 -3.36768243 -0.47067119
-4.12519930 3.36768243 -0.47067119
-4.12519930 -3.36768243 -0.47067119
2.61011263 0.00000000 2.89697949
2.61011263 0.00000000 -3.83833245
-4.12519930 0.00000000 2.89697949
-4.12519930 0.00000000 -3.83833245
-0.75751688 3.36768243 2.89697949
-0.75751688 3.36768243 -3.83833245
-0.75751688 -3.36768243 2.89697949
-0.75751688 -3.36768243 -3.83833245
1.99213973 2.74970953 2.27900659
1.99213973 2.74970953 -3.22035955
1.99213973 -2.74970953 2.27900659
1.99213973 -2.74970953 -3.22035955
-3.50722640 2.74970953 2.27900659
-3.50722640 2.74970953 -3.22035955
-3.50722640 -2.74970953 2.27900659
-3.50722640 -2.74970953 -3.22035955
0.75899857 -0.00000000 -0.47067119
0.75608810 -0.00000000 -0.47067119
0.75751688 0.00146587 -0.47067119
0.75751688 -0.00146587 -0.47067119
0.75751688 -0.00000000 -0.46920537
0.75751688 -0.00000000 -0.47213701
0.75857523 0.00103650 -0.47067119
0.75857523 -0.00103650 -0.47067119
0.75651144 0.00103650 -0.47067119
0.75651144 -0.00103650 -0.47067119
0.75857523 -0.00000000 -0.46963400
0.75857523 -0.00000000 -0.47170838
0.75651144 -0.00000000 -0.46963400
0.75651144 -0.00000000 -0.47170838
0.75751688 0.00103650 -0.46963400
0.75751688 0.00103650 -0.47170838
0.75751688 -0.00103650 -0.46963400
0.75751688 -0.00103650 -0.47170838
0.75836356 0.00084631 -0.46982451
0.75836356 0.00084631 -0.47151787
0.75836356 -0.00084631 -0.46982451
0.75836356 -0.00084631 -0.47151787
0.75667019 0.00084631 -0.46982451
0.75667019 0.00084631 -0.47151787
0.75667019 -0.00084631 -0.46982451
0.75667019 -0.00084631 -0.47151787
0.76407867 -0.00000000 -0.47067119
0.75100800 -0.00000000 -0.47067119
0.75751688 0.00653322 -0.47067119
0.75751688 -0.00653322 -0.47067119
0.75751688 -0.00000000 -0.46413585
0.75751688 -0.00000000 -0.47720124
0.76217363 0.00461956 -0.47067119
0.76217363 -0.00461956 -0.47067119
0.75291304 0.00461956 -0.47067119
0.75291304 -0.00461956 -0.47067119
0.76217363 -0.00000000 -0.46605148
0.76217363 -0.00000000 -0.47529091
0.75291304 -0.00000000 -0.46605148
0.75291304 -0.00000000 -0.47529091
0.75751688 0.00461956 -0.46605148
0.75751688 0.00461956 -0.47529091
0.75751688 -0.00461956 -0.46605148
0.75751688 -0.00461956 -0.47529091
0.76132695 0.00377187 -0.46689816
0.76132695 0.00377187 -0.47444422
0.76132695 -0.00377187 -0.46689816
0.76132695 -0.00377187 -0.47444422
0.75375972 0.00377187 -0.46689816
0.75375972 0.00377187 -0.47444422
0.75375972 -0.00377187 -0.46689816
0.75375972 -0.00377187 -0.47444422
0.77402720 -0.00000000 -0.47067119
0.74105947 -0.00000000 -0.47067119
0.75751688 0.01647963 -0.47067119
0.75751688 -0.01647963 -0.47067119
0.75751688 -0.00000000 -0.45419262
0.75751688 -0.00000000 -0.48714976
0.76915877 0.01165301 -0.47067119
0.76915877 -0.01165301 -0.47067119
0.74587498 0.01165301 -0.47067119
0.74587498 -0.01165301 -0.47067119
0.76915877 -0.00000000 -0.45901871
0.76915877 -0.00000000 -0.48232367
0.74587498 -0.00000000 -0.45901871
0.74587498 -0.00000000 -0.48232367
0.75751688 0.01165301 -0.45901871
0.75751688 0.01165301 -0.48232367
0.75751688 -0.01165301 -0.45901871
0.75751688 -0.01165301 -0.48232367
0.76704206 0.00951460 -0.46115659
0.76704206 0.00951460 -0.48018579
0.76704206 -0.00951460 -0.46115659
0.76704206 -0.00951460 -0.48018579
0.74799169 0.00951460 -0.46115659
0.74799169 0.00951460 -0.48018579
0.74799169 -0.00951460 -0.46115659
0.74799169 -0.00951460 -0.48018579
0.79059044 -0.00000000 -0.47067119
0.72444331 -0.00000000 -0.47067119
0.75751688 0.03307356 -0.47067119
0.75751688 -0.03307356 -0.47067119
0.75751688 -0.00000000 -0.43759763
0.75751688 -0.00000000 -0.50374475
0.78090650 0.02338645 -0.47067119
0.78090650 -0.02338645 -0.47067119
0.73412725 0.02338645 -0.47067119
0.73412725 -0.02338645 -0.47067119
0.78090650 -0.00000000 -0.44728157
0.78090650 -0.00000000 -0.49405552
0.73412725 -0.00000000 -0.44728157
0.73412725 -0.00000000 -0.49405552
0.75751688 0.02338645 -0.44728157
0.75751688 0.02338645 -0.49405552
0.75751688 -0.02338645 -0.44728157
0.75751688 -0.02338645 -0.49405552
0.77662017 0.01909482 -0.45157319
0.77662017 0.01909482 -0.48976390
0.77662017 -0.01909482 -0.45157319
0.77662017 -0.01909482 -0.48976390
0.73841359 0.01909482 -0.45157319
0.73841359 0.01909482 -0.48976390
0.73841359 -0.01909482 -0.45157319
0.73841359 -0.01909482 -0.48976390
0.81630844 -0.00000000 -0.47067119
0.69872531 -0.00000000 -0.47067119
0.75751688 0.05879686 -0.47067119
0.75751688 -0.05879686 -0.47067119
0.75751688 -0.00000000 -0.41187433
0.75751688 -0.00000000 -0.52944159
0.79911019 0.04157585 -0.47067119
0.79911019 -0.04157585 -0.47067119
0.71597648 0.04157585 -0.47067119
0.71597648 -0.04157585 -0.47067119
0.79911019 -0.00000000 -0.42909375
0.79911019 -0.00000000 -0.51224334
0.71597648 -0.00000000 -0.42909375
0.71597648 -0.00000000 -0.51224334
0.75751688 0.04157585 -0.42909375
0.75751688 0.04157585 -0.51224334
0.75751688 -0.04157585 -0.42909375
0.75751688 -0.04157585 -0.51224334
0.79149004 0.03394670 -0.43672449
0.79149004 0.03394670 -0.50461790
0.79149004 -0.03394670 -0.43672449
0.79149004 -0.03394670 -0.50461790
0.72359663 0.03394670 -0.43672449
0.72359663 0.03394670 -0.50461790
0.72359663 -0.03394670 -0.43672449
0.72359663 -0.03394670 -0.50461790
0.85472669 -0.00000000 -0.47067119
0.66035998 -0.00000000 -0.47067119
0.75751688 0.09719394 -0.47067119
0.75751688 -0.09719394 -0.47067119
0.75751688 -0.00000000 -0.37347196
0.75751688 -0.00000000 -0.56785984
0.82625697 0.06872951 -0.47067119
0.82625697 -0.06872951 -0.47067119
0.68882970 0.06872951 -0.47067119
0.68882970 -0.06872951 -0.47067119
0.82625697 -0.00000000 -0.40194168
0.82625697 -0.00000000 -0.53939012
0.68882970 -0.00000000 -0.40194168
0.68882970 -0.00000000 -0.53939012
0.75751688 0.06872951 -0.40194168
0.75751688 0.06872951 -0.53939012
0.75751688 -0.06872951 -0.40194168
0.75751688 -0.06872951 -0.53939012
0.81366256 0.05611393 -0.41455197
0.81366256 0.05611393 -0.52678512
0.81366256 -0.05611393 -0.41455197
0.81366256 -0.05611393 -0.52678512
0.70142411 0.05611393 -0.41455197
0.70142411 0.05611393 -0.52678512
0.70142411 -0.05611393 -0.41455197
0.70142411 -0.05611393 -0.52678512
0.91097821 -0.00000000 -0.47067119
0.60410846 -0.00000000 -0.47067119
0.75751688 0.15342958 -0.47067119
0.75751688 -0.15342958 -0.47067119
0.75751688 -0.00000000 -0.31724161
0.75751688 -0.00000000 -0.62411135
0.86599816 0.10849187 -0.47067119
0.86599816 -0.10849187 -0.47067119
0.64903559 0.10849187 -0.47067119
0.64903559 -0.10849187 -0.47067119
0.86599816 -0.00000000 -0.36217932
0.86599816 -0.00000000 -0.57918423
0.64903559 -0.00000000 -0.36217932
0.64903559 -0.00000000 -0.57918423
0.75751688 0.10849187 -0.36217932
0.75751688 0.10849187 -0.57918423
0.75751688 -0.10849187 -0.36217932
0.75751688 -0.10849187 -0.57918423
0.84610111 0.08858423 -0.38208696
0.84610111 0.08858423 -0.55923425
0.84610111 -0.08858423 -0.38208696
0.84610111 -0.08858423 -0.55923425
0.66893265 0.08858423 -0.38208696
0.66893265 0.08858423 -0.55923425
0.66893265 -0.08858423 -0.38208696
0.66893265 -0.08858423 -0.55923425
0.99273605 -0.00000000 -0.47067119
0.52234003 -0.00000000 -0.47067119
0.75751688 0.23518743 -0.47067119
0.75751688 -0.23518743 -0.47067119
0.75751688 -0.00000000 -0.23547847
0.75751688 -0.00000000 -0.70586920
0.92383721 0.16630446 -0.47067119
0.92383721 -0.16630446 -0.47067119
0.59124946 0.16630446 -0.47067119
0.59124946 -0.16630446 -0.47067119
0.92383721 -0.00000000 -0.30436674
0.92383721 -0.00000000 -0.63697035
0.59124946 -0.00000000 -0.30436674
0.59124946 -0.00000000 -0.63697035
0.75751688 0.16630446 -0.30436674
0.75751688 0.16630446 -0.63697035
0.75751688 -0.16630446 -0.30436674
0.75751688 -0.16630446 -0.63697035
0.89330369 0.13578682 -0.33488437
0.89330369 0.13578682 -0.60643684
0.89330369 -0.13578682 -0.33488437
0.89330369 -0.13578682 -0.60643684
0.62173006 0.13578682 -0.33488437
0.62173006 0.13578682 -0.60643684
0.62173006 -0.13578682 -0.33488437
0.62173006 -0.13578682 -0.60643684
1.11180088 -0.00000000 -0.47067119
0.40329108 -0.00000000 -0.47067119
0.75751688 0.35424167 -0.47067119
0.75751688 -0.35424167 -0.47067119
0.75751688 -0.00000000 -0.11642952
0.75751688 -0.00000000 -0.82493403
1.00802927 0.25048593 -0.47067119
1.00802927 -0.25048593 -0.47067119
0.50704682 0.25048593 -0.47067119
0.50704682 -0.25048593 -0.47067119
1.00802927 -0.00000000 -0.22017997
1.00802927 -0.00000000 -0.72116242
0.50704682 -0.00000000 -0.22017997
0.50704682 -0.00000000 -0.72116242
0.75751688 0.25048593 -0.22017997
0.75751688 0.25048593 -0.72116242
0.75751688 -0.25048593 -0.22017997
0.75751688 -0.25048593 -0.72116242
0.96204379 0.20452162 -0.26614957
0.96204379 0.20452162 -0.67517693
0.96204379 -0.20452162 -0.26614957
0.96204379 -0.20452162 -0.67517693
0.55298996 0.20452162 -0.26614957
0.55298996 0.20452162 -0.67517693
0.55298996 -0.20452162 -0.26614957
0.55298996 -0.20452162 -0.67517693
1.28669388 -0.00000000 -0.47067119
0.22835575 -0.00000000 -0.47067119
0.75751688 0.52917700 -0.47067119
0.75751688 -0.52917700 -0.47067119
0.75751688 -0.00000000 0.05850581
0.75751688 -0.00000000 -0.99982702
1.13169793 0.37418635 -0.47067119
1.13169793 -0.37418635 -0.47067119
0.38334640 0.37418635 -0.47067119
0.38334640 -0.37418635 -0.47067119
1.13169793 -0.00000000 -0.09648484
1.13169793 -0.00000000 -0.84483108
0.38334640 -0.00000000 -0.09648484
0.38334640 -0.00000000 -0.84483108
0.75751688 0.37418635 -0.09648484
0.75751688 0.37418635 -0.84483108
0.75751688 -0.37418635 -0.09648484
0.75751688 -0.37418635 -0.84483108
1.06306368 0.30552034 -0.16515085
1.06306368 0.30552034 -0.77619682
1.06306368 -0.30552034 -0.16515085
1.06306368 -0.30552034 -0.77619682
0.45201241 0.30552034 -0.16515085
0.45201241 0.30552034 -0.77619682
0.45201241 -0.30552034 -0.16515085
0.45201241 -0.30552034 -0.77619682
1.54805440 -0.00000000 -0.47067119
-0.03296667 -0.00000000 -0.47067119
0.75751688 0.79048460 -0.47067119
0.75751688 -0.79048460 -0.47067119
0.75751688 -0.00000000 0.31982929
0.75751688 -0.00000000 -1.26118754
1.31648654 0.55896967 -0.47067119
1.31648654 -0.55896967 -0.47067119
0.19856309 0.55896967 -0.47067119
0.19856309 -0.55896967 -0.47067119
1.31648654 -0.00000000 0.08829847
1.31648654 -0.00000000 -1.02961969
0.19856309 -0.00000000 0.08829847
0.19856309 -0.00000000 -1.02961969
0.75751688 0.55896967 0.08829847
0.75751688 0.55896967 -1.02961969
0.75751688 -0.55896967 0.08829847
0.75751688 -0.55896967 -1.02961969
1.21393204 0.45639400 -0.01427508
1.21393204 0.45639400 -0.92706519
1.21393204 -0.45639400 -0.01427508
1.21393204 -0.45639400 -0.92706519
0.30113876 0.45639400 -0.01427508
0.30113876 0.45639400 -0.92706519
0.30113876 -0.45639400 -0.01427508
0.30113876 -0.45639400 -0.92706519
1.94816513 -0.00000000 -0.47067119
-0.43311550 -0.00000000 -0.47067119
0.75751688 1.19064825 -0.47067119
0.75751688 -1.19064825 -0.47067119
0.75751688 -0.00000000 0.71999823
0.75751688 -0.00000000 -1.66129827
1.59943748 0.84192061 -0.47067119
1.59943748 -0.84192061 -0.47067119
-0.08438256 0.84192061 -0.47067119
-0.08438256 -0.84192061 -0.47067119
1.59943748 -0.00000000 0.37124412
1.59943748 -0.00000000 -1.31257063
-0.08438256 -0.00000000 0.37124412
-0.08438256 -0.00000000 -1.31257063
0.75751688 0.84192061 0.37124412
0.75751688 0.84192061 -1.31257063
0.75751688 -0.84192061 0.37124412
0.75751688 -0.84192061 -1.31257063
1.44497072 0.68740092 0.21675090
1.44497072 0.68740092 -1.15810386
1.44497072 -0.68740092 0.21675090
1.44497072 -0.68740092 -1.15810386
0.07011066 0.68740092 0.21675090
0.07011066 0.68740092 -1.15810386
0.07011066 -0.68740092 0.21675090
0.07011066 -0.68740092 -1.15810386
2.58264835 -0.00000000 -0.47067119
-1.06761460 -0.00000000 -0.47067119
0.75751688 1.82513147 -0.47067119
0.75751688 -1.82513147 -0.47067119
0.75751688 -0.00000000 1.35442853
0.75751688 -0.00000000 -2.29578150
2.04807374 1.29055687 -0.47067119
2.04807374 -1.29055687 -0.47067119
-0.53303999 1.29055687 -0.47067119
-0.53303999 -1.29055687 -0.47067119
2.04807374 -0.00000000 0.81990684
2.04807374 -0.00000000 -1.76120689
-0.53303999 -0.00000000 0.81990684
-0.53303999 -0.00000000 -1.76120689
0.75751688 1.29055687 0.81990684
0.75751688 1.29055687 -1.76120689
0.75751688 -1.29055687 0.81990684
0.75751688 -1.29055687 -1.76120689
1.81126704 1.05375016 0.58304722
1.81126704 1.05375016 -1.52440018
1.81126704 -1.05375016 0.58304722
1.81126704 -1.05375016 -1.52440018
-0.29620153 1.05375016 0.58304722
-0.29620153 1.05375016 -1.52440018
-0.29620153 -1.05375016 0.58304722
-0.29620153 -1.05375016 -1.52440018
3.63862105 -0.00000000 -0.47067119
-2.12353438 -0.00000000 -0.47067119
0.75751688 2.88105126 -0.47067119
0.75751688 -2.88105126 -0.47067119
0.75751688 -0.00000000 2.41040123
0.75751688 -0.00000000 -3.35175420
2.79474249 2.03722561 -0.47067119
2.79474249 -2.03722561 -0.47067119
-1.27970874 2.03722561 -0.47067119
-1.27970874 -2.03722561 -0.47067119
2.79474249 -0.00000000 1.56657559
2.79474249 -0.00000000 -2.50787564
-1.27970874 -0.00000000 1.56657559
-1.27970874 -0.00000000 -2.50787564
0.75751688 2.03722561 1.56657559
0.75751688 2.03722561 -2.50787564
0.75751688 -2.03722561 1.56657559
0.75751688 -2.03722561 -2.50787564
2.42093186 1.66341498 1.19271204
2.42093186 1.66341498 -2.13406501
2.42093186 -1.66341498 1.19271204
2.42093186 -1.66341498 -2.13406501
-0.90584519 1.66341498 1.19271204
-0.90584519 1.66341498 -2.13406501
-0.90584519 -1.66341498 1.19271204
-0.90584519 -1.66341498 -2.13406501
5.52037446 -0.00000000 -0.47067119
-4.00507612 -0.00000000 -0.47067119
0.75751688 4.76259300 -0.47067119
0.75751688 -4.76259300 -0.47067119
0.75751688 -0.00000000 4.29194298
0.75751688 -0.00000000 -5.23324302
4.12519930 3.36768243 -0.47067119
4.12519930 -3.36768243 -0.47067119
-2.61011263 3.36768243 -0.47067119
-2.61011263 -3.36768243 -0.47067119
4.12519930 -0.00000000 2.89697949
4.12519930 -0.00000000 -3.83833245
-2.61011263 -0.00000000 2.89697949
-2.61011263 -0.00000000 -3.83833245
0.75751688 3.36768243 2.89697949
0.75751688 3.36768243 -3.83833245
0.75751688 -3.36768243 2.89697949
0.75751688 -3.36768243 -3.83833245
3.50722640 2.74970953 2.27900659
3.50722640 2.74970953 -3.22035955
3.50722640 -2.74970953 2.27900659
3.50722640 -2.74970953 -3.22035955
-1.99213973 2.74970953 2.27900659
-1.99213973 2.74970953 -3.22035955
-1.99213973 -2.74970953 2.27900659
-1.99213973 -2.74970953 -3.22035955
